1.52126556112332 -0.13562860326094484 -0.7635998243929198
0.4952052173969239 0.53039458717915 -0.16741682008484737
-2.4244134385967837 -1.7167624036494216 -0.950051796721959
-1.058641033546941 -0.9423191365082011 -0.35642839999118436
1.8643583173206917 1.344980485865936 1.561922099995999
-1.3610491320997953 -1.869856206209326 -0.7882865277156519
-0.3844851962046296 1.968052153766954 2.426739110971406
-1.4736098302804224 0.41394271641728686 -0.07472765915291468
-0.67199716640573 2.18473248323971 1.0635587633330266
-0.522170795550208 -0.099198897595143 2.1988759960756044
-0.31968943865581734 1.8128604730417663 -1.8047851509799562
0.7495333651133009 1.3727951943495 -2.2479343940735843
-0.34449629821911554 -0.52799415859343 -0.8389329289152996
2.221924482205141 2.140362809553525 -0.34470193123521753
-1.2923198799141717 0.2793187214546453 -2.4487071252499626
-2.1162476065497335 2.0352363171654924 1.5665943045584925
-1.215778412631382 1.6889423816624634 2.1087643194300023
0.5242787256222456 -0.38111555438023714 -2.2756235804917155
0.1715938245387969 0.07069967636952956 -1.3614517201281362
-2.4283061849709124 -0.25883623954101687 2.0084414758986195
-1.0492528220736952 1.9221882387429563 1.0766074994304469
0.5203294568615453 2.372065303743695 0.16670925628433642
-1.442191498550554 1.9337863884760162 0.47614924892714594
1.6154451616650247 -0.6482566469918971 1.6544139115618304
-1.6350187924841753 -0.46901620495901186 1.6038238746301392
1.5128587677028191 -0.06966202672484867 -1.636701999718042
-0.4273701766538762 2.435048706672114 -1.4720881802750274
-0.17704522863240335 1.4420857241671028 -0.6127558701665303
-0.08156742628480051 1.4579746611672717 0.7770659673920433
-1.8245153065182311 1.6435590955661992 0.27526535288312637
0.1701458316133646 1.1519388062450195 -1.1617861887788716
-1.1331682908444711 -2.076798975104425 0.6633690075160499
-0.6658739310515571 0.734312485175554 0.35248926707900186
-0.05731112993540721 -1.934254485654689 1.208261151717338
-1.4351614827437649 1.0227489969829389 -0.9365791494071096
-0.43807368808900105 1.6473967733217956 0.10261581066219527
1.7708043715013533 0.17330821696711007 -2.092125404522748
-1.7035881060013192 -0.9040587305038417 -2.2381730690828987
2.1198420608789723 1.0996342003837718 0.7104336754618918
-2.0912979947676575 2.472571524376254 2.0554236489767286
-1.6105662232442108 2.0727964812500073 0.40045457087969316
1.5244191592622283 -0.9058645242000867 0.11120279266036803
1.263079790272938 -1.5831068729802789 -1.7470372333959001
-1.9362501829575796 1.794075937425883 -0.24286949979447225
0.4774676420728423 2.070860638939572 1.9386305854451127
-0.9168045010475878 -0.3432380880238335 -1.043555363291867
0.9289697236241077 -2.3201337181300588 -2.286481847447424
-0.08918970424571748 -1.6019142918073348 1.5858966752320907
-1.591746388648974 -0.8147597544538616 -1.801000901522214
-0.19023507736859413 2.169445092875435 -0.15488338815945868
-1.28705579308589 -0.9482255926302752 1.5866181229439125
1.7115811603410789 1.2862893046025823 1.0822657386810657
-1.2942169710105507 -1.0832188525218744 -2.3523990294385655
0.019271573213202053 1.5525448323116358 0.30191431269300617
-0.041007166880400625 0.32388272587781985 2.409006639885419
0.290256687137882 0.6095600798538432 1.9848580259119295
0.469830539100375 1.1402569619828187 -1.0266452406400794
-0.8288997689121402 -0.8736567844310417 -1.5583650019492397
-1.224978802701856 1.8431818563984095 1.6018853459177365
-1.713384831286609 0.40402965576361405 -0.090136346494059
0.6481068286515628 0.9298971059149985 1.9233023159208846
1.6603206364062366 -0.7659043424215755 2.153887450882017
0.34406684187742 0.25104821164256386 0.6660080039713261
-0.48338383801827023 -0.8001635517388945 2.173919369163805
-1.3229926025812517 0.8172436520919764 0.0860934997867635
1.466553463093999 -2.2092567662532376 -1.0697177620399823
-0.49090193119741343 -0.04047830254402296 2.030904270928037
2.060048008714422 -2.071892021244544 -2.2622676064244596
0.789143279010668 0.1066241902972398 1.4834011095978337
0.0707851951293077 1.3515741390856468 -1.2873618785336323
0.6430381119121198 2.282434502695014 0.18650125624679115
1.3662450810127327 2.37473813170216 -2.223439132166141
-2.4489829553857456 -1.826203448669859 -0.21226447761518452
-0.510049139421479 1.5014047005227562 -2.350636459023358
-2.0812354949371543 0.2900254618900089 0.5772348502473919
-0.2035330019599204 1.189929411509227 -2.303748770945509
-0.1728579928295364 -2.496555083589318 -2.0262238502412004
0.07290167095224609 -0.5482752803793818 1.695101110870243
1.2108102408047063 -1.8945720543364382 1.147622630967267
1.0345822944555385 -1.6175896315244813 -0.014737148356443353
-0.5313394493351957 0.6695289052463749 1.5366272614662835
-0.8341400723869474 -0.6291147255795715 -2.051688915682075
2.1638503768862556 -0.9311411430143641 -1.4978973406766989
0.2454281579906552 -0.48918503821559334 -2.0486869063517315
-2.3620833634095995 -2.4414453498789612 -0.06558493030284707
-0.6357626924012867 -1.7966826218614718 1.2538819950882054
-1.5083029081829564 1.8074306610542354 -1.8102199734659252
0.5083787769259596 1.3038949072216925 -1.3231682243965281
1.7400989204170552 0.955961666539487 -0.3254310158447109
-0.25582720613379273 -1.6818444664699355 1.3516707552337195
-0.8615160011647149 -0.7029736156502409 1.5284486066331766
2.3028358873918844 0.33271442387941974 -1.8666993102879614
2.0935608546770625 -2.071665922793075 0.6500860018131234
-2.4947989078619948 0.9253965969775262 1.1320255282915253
1.3169605521587195 0.17510934315166748 -0.4781636308367183
1.5501301970735115 0.12287325355787582 -1.5183589192556046
-2.3453351050459648 -1.388181527777535 0.6864018577632738
-1.2851101430289265 -1.3766900916944191 -2.1743367323362284
-1.964541363862038 -1.1503168429733945 -2.241955446750832
-2.140872033371349 0.16392481041805151 1.642267505395024