1.5228682519103733 0.7320168305001657 -0.5363359435759318
0.6023729486784033 -1.1057759589353005 -0.7745492566033252
2.006058033293817 -0.8053347116743641 0.47861049738436723
-1.2079511681304844 0.6531881390533316 1.1694003318768709
-2.0942654601333217 2.410850923925162 0.7855889753675784
0.6683019565138766 -1.1866446792799494 0.2250417275490859
0.5233235728820071 2.200802695543599 -0.6867389389850538
-0.9964426638051105 -2.3564342986734004 0.34049075833175735
0.6932296602762333 -0.2625602823368318 -1.5582082365555623
1.6125952622991848 0.8483461849058482 1.534042975193901
-0.838210604342025 1.5343570054145754 -0.22650712317104205
1.9937461232324196 -0.8456564875555517 -1.942670338515211
1.7172884750444073 -0.37192002904973087 1.0950569940461676
-0.1877031955293882 -0.6482220065005551 -2.234468818078439
1.5556602141048135 0.9371244880953222 0.058528990033384964
-0.7160660769775569 -0.5065620640411734 -1.988764748855163
2.471646623826606 1.0503985963440488 0.07493317170714864
0.28836996791322367 -0.5445545282088844 0.7831271284335877
0.22684640552436175 0.24919342132258304 1.909655758258923
-1.0172788732780664 2.118274388909188 2.4157187963438993
0.42858643712081523 -0.4400847560689565 -1.5894677992178115
0.39686258640756567 -0.8709246227107659 0.46790893183770654
0.580211088312848 2.006978949727497 -0.9434822099311551
0.503104974334665 1.6880579634318043 1.5343679993440178
0.2519049072074613 1.3065343111601084 -2.324404447832742
1.5344194561413698 -1.6347061673504748 -1.3862629404498727
-1.2885169062942197 1.032576893642605 -2.4452291875355647
0.14939956457524417 1.173160998210931 -1.6248811946693782
0.20563185936487205 -2.1499020418828154 1.9003349856140037
1.2487849270024438 -0.9192476492888173 0.9906061127156036
-1.0910127603664699 -0.38142119344824366 -0.44333991166243036
-2.151174158189038 -0.7715384928938995 2.4636172997359918
0.63456054684139 1.361808258366369 -0.44145180709127185
-0.22163872255605677 -2.1264424266697537 2.309743339624176
-2.349795796183611 -0.6502119013203229 1.1335798073831538
-2.493125304612514 1.791618582434701 1.046000809633326
-0.8814819900499649 -0.1637390424267 2.1058030718105423
-0.6145592947445955 1.4248201057820928 -0.6988518199060645
-2.4284993445330505 0.4720775809333744 -0.9852856513037478
1.9935159695092244 1.1986234237536668 -1.9856697028852965
-0.03274702435143784 -1.8751891331671593 1.8525356074380301
0.5516719404837716 -1.6050931279588516 -0.29976455822276193
-0.04027512795083066 -0.6423258474452165 -0.5863334197667687
2.493168199828995 1.8459336495672032 -0.9180047370908224
0.47594005736484046 -1.8050233263770825 -0.1609821489291563
-2.135099098315777 -1.2505510296589184 -1.9964203161729537
0.5781514987817902 -0.9363815830680566 1.4123067432843603
1.3833617335059412 -1.6464255214113384 1.3056597066879352
-2.40856659091353 -1.285202833608594 -2.056909470351243
0.073436639174699 -0.8401427784533237 1.6695020514724321
2.3671374261161207 -2.437353267719722 -0.551374357295547
0.06996549273755903 -2.1308470023254387 -1.1231264838992883
2.2376013694473453 -0.8311758410556658 1.09205525041556
-0.39593493223601284 -1.2455426347205723 1.465601202399478
0.6289758480233094 -1.3241704352845756 -0.37446580356821535
0.9879111578774817 2.282146524155225 0.42551788848303174
-0.3376660232388007 0.9172792383399884 -1.5241380405410743
-0.5152394116224746 0.04971159677513981 1.8058978741866039
-0.7049186863427632 0.5746675068295919 -1.7359367942127486
2.421421491752099 -1.7603135107345225 1.991936380184745
-0.8983641572564123 0.8859187034863498 1.0699622996020803
-0.9837234359808495 2.3275717946074224 -1.0736031548656304
-2.4253438485796712 -0.19895319072911866 -1.2354574718646294
-2.391174517277279 1.5642023881208251 -0.366613425326372
1.8585894844898414 0.6961666452166697 2.223753409156357
-1.1366365637225029 -1.032919011661824 1.2509016459929274
0.3581566651953483 -0.17480774637627272 -1.265529844733595
1.762338046522883 -1.8669179725325025 -0.011646362168395985
-2.449322157609295 -1.7301623867345888 -1.1862692413254265
0.2514961272682097 0.06428367610261443 0.11149516284251071
-2.2331976006525163 1.1247777140354338 -1.9136834717760076
-0.9394902701252361 -1.035482085877637 0.8985609838614979
0.4534037766971277 -0.3212916094510119 -0.11183519819442944
-1.64928128993783 -1.9011337685341023 -1.4512433040147454
2.3539341865095453 -2.3519639410536124 -2.0589272945691652
-1.8372698432043406 0.950754735905639 -0.22632003432094194
0.5553160137939379 1.2635971051141976 -1.7158690878932714
-0.9989580735768007 1.092712076405324 2.293522049988839
1.1076493049981933 -0.7696565479879525 2.4988886068255827
2.1450338496554835 1.5690845691901192 -0.7748865251012738
2.202074503368313 2.092627165026622 -0.8074761560958126
-2.2010295528787287 -1.60832070929112 0.2712168780680231
-1.2591716052211732 0.6933333516004474 2.0351025424900238
-1.265297113321816 -1.068529607584729 -2.1778133025209407
-0.144624610739724 -1.2489934507263252 1.9429282017033174
1.3822445695299237 -0.20353349675642063 -0.06552947300278777
-0.8749827779145107 1.061331150669385 1.9024773942983817
-1.54664166078325 0.9454062472543336 1.343776774629874
0.6261446252289229 -1.7958654945809434 1.1124578460660457
1.3924938235100108 -1.5576899327149951 0.059086295255450505
1.9666805032412897 0.26500817030861556 2.4234591373310064
2.1639557522715736 1.3803126193230009 -2.005680559771351
1.3290460672204993 0.8656583748832682 0.9826939421337615
1.4515069473373083 1.5593933994193296 0.763457284141071
1.196492880955005 -2.4811850116102843 0.16773951904560613
2.1075356540996086 -0.19191651288035594 -0.43194904808470147
1.3853483569504457 2.008285375505971 -1.131968282299412
0.7894480808746556 1.8140232738482176 1.9917769254771454
0.3375355587060631 1.0486162995965276 -2.195379625261549
1.5535824706930281 -0.6876767171415739 -0.43619965115043247